J = 2.09 * 10^(-5);
Kb = 0.042;
Kt = 0.042;
R = 8.4;
L = 1.16;
B = 0.0003;